336494.3118,7842072.6310,933.4451
336494.3118,7842066.6310,933.0851
336494.3118,7842059.4310,932.6531
336494.3118,7842052.5310,932.2391
336494.3118,7842046.6310,931.8851
336494.3118,7842044.6310,931.7651
336494.3118,7842038.7310,931.4111
336494.3118,7842031.8310,930.9971
336494.3118,7842024.6310,930.5651
336494.3118,7842018.6310,930.2051
336500.3118,7842072.6310,933.1451
336500.3118,7842066.6310,932.7851
336500.3118,7842059.4310,932.3531
336500.3118,7842052.5310,931.9391
336500.3118,7842045.6310,931.5251
336500.3118,7842038.7310,931.1111
336500.3118,7842031.8310,930.6971
336500.3118,7842024.6310,930.2651
336500.3118,7842018.6310,929.9051
336506.3118,7842072.6310,932.8451
336506.3118,7842066.6310,932.4851
336506.3118,7842059.4310,932.0531
336506.3118,7842052.5310,931.6391
336506.3118,7842046.6310,931.2851
336506.3118,7842044.6310,931.1651
336506.3118,7842038.7310,930.8111
336506.3118,7842031.8310,930.3971
336506.3118,7842024.6310,929.9651
336506.3118,7842018.6310,929.6051
336512.3118,7842072.6310,932.5451
336512.3118,7842066.6310,932.1851
336512.3118,7842059.4310,931.7531
336512.3118,7842052.5310,931.3391
336512.3118,7842045.6310,930.9251
336512.3118,7842038.7310,930.5111
336512.3118,7842031.8310,930.0971
336512.3118,7842024.6310,929.6651
336512.3118,7842018.6310,929.3051
336458.3118,7842010.8690,930.7796
336458.3118,7842004.8690,930.3596
336458.3118,7841997.6690,929.8556
336458.3118,7841990.7690,929.3726
336458.3118,7841984.8690,928.9596
336458.3118,7841982.8690,928.8196
336458.3118,7841976.9690,928.4066
336458.3118,7841970.0690,927.9236
336458.3118,7841962.8690,927.4196
336458.3118,7841956.8690,926.9996
336464.3118,7842010.8690,930.5996
336464.3118,7842004.8690,930.1796
336464.3118,7841997.6690,929.6756
336464.3118,7841990.7690,929.1926
336464.3118,7841983.8690,928.7096
336464.3118,7841976.9690,928.2266
336464.3118,7841970.0690,927.7436
336464.3118,7841962.8690,927.2396
336464.3118,7841956.8690,926.8196
336470.3118,7842010.8690,930.4196
336470.3118,7842004.8690,929.9996
336470.3118,7841997.6690,929.4956
336470.3118,7841990.7690,929.0126
336470.3118,7841984.8690,928.5996
336470.3118,7841982.8690,928.4596
336470.3118,7841976.9690,928.0466
336470.3118,7841970.0690,927.5636
336470.3118,7841962.8690,927.0596
336470.3118,7841956.8690,926.6396
336476.3118,7842010.8690,930.2396
336476.3118,7842004.8690,929.8196
336476.3118,7841997.6690,929.3156
336476.3118,7841990.7690,928.8326
336476.3118,7841983.8690,928.3496
336476.3118,7841976.9690,927.8666
336476.3118,7841970.0690,927.3836
336476.3118,7841962.8690,926.8796
336476.3118,7841956.8690,926.4596
336482.3118,7842010.8690,930.0596
336482.3118,7842004.8690,929.6396
336482.3118,7841997.6690,929.1356
336482.3118,7841990.7690,928.6526
336482.3118,7841984.8690,928.2396
336482.3118,7841982.8690,928.0996
336482.3118,7841976.9690,927.6866
336482.3118,7841970.0690,927.2036
336482.3118,7841962.8690,926.6996
336482.3118,7841956.8690,926.2796
336488.3118,7842010.8690,929.8796
336488.3118,7842004.8690,929.4596
336488.3118,7841997.6690,928.9556
336488.3118,7841990.7690,928.4726
336488.3118,7841983.8690,927.9896
336488.3118,7841976.9690,927.5066
336488.3118,7841970.0690,927.0236
336488.3118,7841962.8690,926.5196
336488.3118,7841956.8690,926.0996
336530.3118,7842010.8690,927.7770
336530.3118,7842004.8690,927.4022
336530.3118,7841997.6690,926.9523
336530.3118,7841990.7690,926.5212
336530.3118,7841984.8690,926.1526
336530.3118,7841982.8690,926.0277
336530.3118,7841976.9690,925.6591
336530.3118,7841970.0690,925.2280
336530.3118,7841962.8690,924.7781
336530.3118,7841956.8690,924.4033
336536.3118,7842010.8690,927.4170
336536.3118,7842004.8690,927.0422
336536.3118,7841997.6690,926.5923
336536.3118,7841990.7690,926.1612
336536.3118,7841983.8690,925.7301
336536.3118,7841976.9690,925.2991
336536.3118,7841970.0690,924.8680
336536.3118,7841962.8690,924.4181
336536.3118,7841956.8690,924.0433
336542.3118,7842010.8690,927.0570
336542.3118,7842004.8690,926.6822
336542.3118,7841997.6690,926.2323
336542.3118,7841990.7690,925.8012
336542.3118,7841984.8690,925.4326
336542.3118,7841982.8690,925.3077
336542.3118,7841976.9690,924.9391
336542.3118,7841970.0690,924.5080
336542.3118,7841962.8690,924.0581
336542.3118,7841956.8690,923.6833
336548.3118,7842010.8690,926.6970
336548.3118,7842004.8690,926.3222
336548.3118,7841997.6690,925.8723
336548.3118,7841990.7690,925.4412
336548.3118,7841983.8690,925.0101
336548.3118,7841976.9690,924.5791
336548.3118,7841970.0690,924.1480
336548.3118,7841962.8690,923.6981
336548.3118,7841956.8690,923.3233
336554.3118,7842010.8690,926.3370
336554.3118,7842004.8690,925.9622
336554.3118,7841997.6690,925.5123
336554.3118,7841990.7690,925.0812
336554.3118,7841984.8690,924.7126
336554.3118,7841982.8690,924.5877
336554.3118,7841976.9690,924.2191
336554.3118,7841970.0690,923.7880
336554.3118,7841962.8690,923.3381
336554.3118,7841956.8690,922.9633
336560.3118,7842010.8690,925.9770
336560.3118,7842004.8690,925.6022
336560.3118,7841997.6690,925.1523
336560.3118,7841990.7690,924.7212
336560.3118,7841983.8690,924.2901
336560.3118,7841976.9690,923.8591
336560.3118,7841970.0690,923.4280
336560.3118,7841962.8690,922.9781
336560.3118,7841956.8690,922.6033
336434.3118,7841949.1070,926.9689
336434.3118,7841943.1070,926.6089
336434.3118,7841935.9070,926.1769
336434.3118,7841929.0070,925.7629
336434.3118,7841923.1070,925.4089
336434.3118,7841921.1070,925.2889
336434.3118,7841915.2070,924.9349
336434.3118,7841908.3070,924.5209
336434.3118,7841901.1070,924.0889
336434.3118,7841895.1070,923.7289
336440.3118,7841949.1070,926.7889
336440.3118,7841943.1070,926.4289
336440.3118,7841935.9070,925.9969
336440.3118,7841929.0070,925.5829
336440.3118,7841922.1070,925.1689
336440.3118,7841915.2070,924.7549
336440.3118,7841908.3070,924.3409
336440.3118,7841901.1070,923.9089
336440.3118,7841895.1070,923.5489
336446.3118,7841949.1070,926.6089
336446.3118,7841943.1070,926.2489
336446.3118,7841935.9070,925.8169
336446.3118,7841929.0070,925.4029
336446.3118,7841923.1070,925.0489
336446.3118,7841921.1070,924.9289
336446.3118,7841915.2070,924.5749
336446.3118,7841908.3070,924.1609
336446.3118,7841901.1070,923.7289
336446.3118,7841895.1070,923.3689
336452.3118,7841949.1070,926.4289
336452.3118,7841943.1070,926.0689
336452.3118,7841935.9070,925.6369
336452.3118,7841929.0070,925.2229
336452.3118,7841922.1070,924.8089
336452.3118,7841915.2070,924.3949
336452.3118,7841908.3070,923.9809
336452.3118,7841901.1070,923.5489
336452.3118,7841895.1070,923.1889
336458.3118,7841949.1070,926.2489
336458.3118,7841943.1070,925.8889
336458.3118,7841935.9070,925.4569
336458.3118,7841929.0070,925.0429
336458.3118,7841923.1070,924.6889
336458.3118,7841921.1070,924.5689
336458.3118,7841915.2070,924.2149
336458.3118,7841908.3070,923.8009
336458.3118,7841901.1070,923.3689
336458.3118,7841895.1070,923.0089
336464.3118,7841949.1070,926.0689
336464.3118,7841943.1070,925.7089
336464.3118,7841935.9070,925.2769
336464.3118,7841929.0070,924.8629
336464.3118,7841922.1070,924.4489
336464.3118,7841915.2070,924.0349
336464.3118,7841908.3070,923.6209
336464.3118,7841901.1070,923.1889
336464.3118,7841895.1070,922.8289
336542.3118,7841949.1070,923.2662
336542.3118,7841943.1070,922.8436
336542.3118,7841935.9070,922.3364
336542.3118,7841929.0070,921.8504
336542.3118,7841923.1070,921.4348
336542.3118,7841921.1070,921.2939
336542.3118,7841915.2158,920.8790
336542.3118,7841908.3070,920.3923
336542.3118,7841901.1070,919.8851
336542.3118,7841895.1070,919.4625
336548.3118,7841949.1070,922.9662
336548.3118,7841943.1070,922.5436
336548.3118,7841935.9070,922.0364
336548.3118,7841929.0070,921.5504
336548.3118,7841922.1070,921.0644
336548.3118,7841915.2070,920.5783
336548.3118,7841908.3070,920.0923
336548.3118,7841901.1070,919.5851
336548.3118,7841895.1070,919.1625
336554.3118,7841949.1070,922.6662
336554.3118,7841943.1070,922.2436
336554.3118,7841935.9070,921.7364
336554.3118,7841929.0070,921.2504
336554.3118,7841923.1070,920.8348
336554.3118,7841921.1070,920.6939
336554.3118,7841915.2070,920.2783
336554.3118,7841908.3070,919.7923
336554.3118,7841901.1070,919.2851
336554.3118,7841895.1070,918.8625
336560.3118,7841949.1070,922.3662
336560.3118,7841943.1070,921.9436
336560.3118,7841935.9070,921.4364
336560.3118,7841929.0070,920.9504
336560.3118,7841922.1070,920.4644
336560.3118,7841915.2070,919.9783
336560.3118,7841908.3070,919.4923
336560.3118,7841901.1070,918.9851
336560.3118,7841895.1070,918.5625
336566.3118,7841949.1070,922.0662
336566.3118,7841943.1070,921.6436
336566.3118,7841935.9070,921.1364
336566.3118,7841929.0070,920.6504
336566.3118,7841923.1070,920.2348
336566.3118,7841921.1070,920.0939
336566.3118,7841915.2070,919.6783
336566.3118,7841908.3070,919.1923
336566.3118,7841901.1070,918.6851
336566.3118,7841895.1070,918.2625
336572.3118,7841949.1070,921.7662
336572.3118,7841943.1070,921.3436
336572.3118,7841935.9070,920.8364
336572.3118,7841929.0070,920.3504
336572.3118,7841922.1070,919.8644
336572.3118,7841915.2070,919.3783
336572.3118,7841908.3070,918.8923
336572.3118,7841901.1070,918.3851
336572.3118,7841895.1070,917.9625
336405.8478,7841882.1450,922.4798
336405.8478,7841876.1450,921.9398
336405.8478,7841868.9450,921.2918
336405.8478,7841862.0450,920.6708
336405.8478,7841856.1450,920.1398
336405.8478,7841854.1450,919.9598
336405.8478,7841848.2450,919.4288
336405.8478,7841841.3450,918.8078
336405.8478,7841834.1450,918.1598
336405.8478,7841828.1450,917.6198
336411.8478,7841882.1450,922.4198
336411.8478,7841876.1450,921.8798
336411.8478,7841868.9450,921.2318
336411.8478,7841862.0450,920.6108
336411.8478,7841855.1450,919.9898
336411.8478,7841848.2450,919.3688
336411.8478,7841841.3450,918.7478
336411.8478,7841834.1450,918.0998
336411.8478,7841828.1450,917.5598
336417.8478,7841882.1450,922.3598
336417.8478,7841876.1450,921.8198
336417.8478,7841868.9450,921.1718
336417.8478,7841862.0450,920.5508
336417.8478,7841856.1450,920.0198
336417.8478,7841854.1450,919.8398
336417.8478,7841848.2450,919.3088
336417.8478,7841841.3450,918.6878
336417.8478,7841834.1450,918.0398
336417.8478,7841828.1450,917.4998
336423.8478,7841882.1450,922.2998
336423.8478,7841876.1450,921.7598
336423.8478,7841868.9450,921.1118
336423.8478,7841862.0450,920.4908
336423.8478,7841855.1450,919.8698
336423.8478,7841848.2450,919.2488
336423.8478,7841841.3450,918.6278
336423.8478,7841834.1450,917.9798
336423.8478,7841828.1450,917.4398
336429.8478,7841882.1450,922.2398
336429.8478,7841876.1450,921.6998
336429.8478,7841868.9450,921.0518
336429.8478,7841862.0450,920.4308
336429.8478,7841856.1450,919.8998
336429.8478,7841854.1450,919.7198
336429.8478,7841848.2450,919.1888
336429.8478,7841841.3450,918.5678
336429.8478,7841834.1450,917.9198
336429.8478,7841828.1450,917.3798
336435.8478,7841882.1450,922.1798
336435.8478,7841876.1450,921.6398
336435.8478,7841868.9450,920.9918
336435.8478,7841862.0450,920.3708
336435.8478,7841855.1450,919.7498
336435.8478,7841848.2450,919.1288
336435.8478,7841841.3450,918.5078
336435.8478,7841834.1450,917.8598
336435.8478,7841828.1450,917.3198
336549.8478,7841882.1450,918.2262
336549.8478,7841876.1450,917.7750
336549.8478,7841868.9450,917.2335
336549.8478,7841862.0450,916.7146
336549.8478,7841856.1450,916.2709
336549.8478,7841854.1450,916.1205
336549.8478,7841848.2450,915.6768
336549.8478,7841841.3450,915.1579
336549.8478,7841834.1450,914.6164
336549.8478,7841828.1450,914.1652
336555.8478,7841882.1450,917.9262
336555.8478,7841876.1450,917.4750
336555.8478,7841868.9450,916.9335
336555.8478,7841862.0450,916.4146
336555.8478,7841855.1450,915.8957
336555.8478,7841848.2450,915.3768
336555.8478,7841841.3450,914.8579
336555.8478,7841834.1450,914.3164
336555.8478,7841828.1450,913.8652
336561.8478,7841882.1450,917.6262
336561.8478,7841876.1450,917.1750
336561.8478,7841868.9450,916.6335
336561.8478,7841862.0450,916.1146
336561.8478,7841856.1450,915.6709
336561.8478,7841854.1450,915.5205
336561.8478,7841848.2450,915.0768
336561.8478,7841841.3450,914.5579
336561.8478,7841834.1450,914.0164
336561.8478,7841828.1450,913.5652
336567.8478,7841882.1450,917.3262
336567.8478,7841876.1450,916.8750
336567.8478,7841868.9450,916.3335
336567.8478,7841862.0450,915.8146
336567.8478,7841855.1450,915.2957
336567.8478,7841848.2450,914.7768
336567.8274,7841841.3469,914.2590
336567.8478,7841834.1450,913.7164
336567.8478,7841828.1450,913.2652
336573.8478,7841882.0900,917.0221
336573.8478,7841876.0900,916.5709
336573.8478,7841868.8900,916.0294
336573.8478,7841861.9900,915.5105
336573.8478,7841856.0900,915.0668
336573.8478,7841854.0900,914.9163
336573.8478,7841848.1900,914.4726
336573.8478,7841841.2900,913.9537
336573.8478,7841834.0900,913.4122
336573.8478,7841828.0900,912.9610
336579.8478,7841882.0900,916.7221
336579.8478,7841876.0900,916.2709
336579.8478,7841868.8900,915.7294
336579.8478,7841861.9900,915.2105
336579.8478,7841855.0900,914.6916
336579.8478,7841848.1900,914.1726
336579.8478,7841841.2900,913.6537
336579.8478,7841834.0900,913.1122
336579.8478,7841828.0900,912.6610
336429.8478,7841820.3830,916.4811
336429.8478,7841814.3830,916.0611
336429.8478,7841807.1830,915.5571
336429.8478,7841800.2830,915.0741
336429.8478,7841794.3830,914.6611
336429.8478,7841792.3830,914.5211
336429.8478,7841786.4830,914.1081
336429.8478,7841779.5830,913.6251
336429.8478,7841772.3830,913.1211
336429.8478,7841766.3830,912.7011
336435.8478,7841820.3830,916.3953
336435.8478,7841814.3830,915.9753
336435.8478,7841807.1830,915.4713
336435.8478,7841800.2830,914.9883
336435.8478,7841793.3830,914.5053
336435.8478,7841786.4830,914.0223
336435.8478,7841779.5830,913.5393
336435.8478,7841772.3830,913.0353
336435.8478,7841766.3830,912.6153
336441.8478,7841820.3830,916.3095
336441.8478,7841814.3830,915.8895
336441.8478,7841807.1830,915.3855
336441.8478,7841800.2830,914.9025
336441.8478,7841794.3830,914.4895
336441.8478,7841792.3830,914.3495
336441.8478,7841786.4830,913.9365
336441.8478,7841779.5830,913.4535
336441.8478,7841772.3830,912.9495
336441.8478,7841766.3830,912.5295
336447.8478,7841820.3830,916.2237
336447.8478,7841814.3830,915.8037
336447.8478,7841807.1830,915.2997
336447.8478,7841800.2830,914.8167
336447.8478,7841793.3830,914.3337
336447.8478,7841786.4830,913.8507
336447.8478,7841779.5830,913.3677
336447.8478,7841772.3830,912.8637
336447.8478,7841766.3830,912.4437
336453.8478,7841820.3830,916.1380
336453.8478,7841814.3830,915.7180
336453.8478,7841807.1830,915.2140
336453.8478,7841800.2830,914.7310
336453.8478,7841794.3830,914.3180
336453.8478,7841792.3830,914.1780
336453.8478,7841786.4830,913.7650
336453.8478,7841779.5830,913.2820
336453.8478,7841772.3830,912.7780
336453.8478,7841766.3830,912.3580
336459.8478,7841820.3830,916.0522
336459.8478,7841814.3830,915.6322
336459.8478,7841807.1830,915.1282
336459.8478,7841800.2830,914.6452
336459.8478,7841793.3830,914.1622
336459.8478,7841786.4830,913.6792
336459.8478,7841779.5830,913.1962
336459.8478,7841772.3830,912.6922
336459.8478,7841766.3830,912.2722
336465.8478,7841820.3830,915.9664
336465.8478,7841814.3830,915.5464
336465.8478,7841807.1830,915.0424
336465.8478,7841800.2830,914.5594
336465.8478,7841794.3830,914.1464
336465.8478,7841792.3830,914.0064
336465.8478,7841786.4830,913.5934
336465.8478,7841779.5830,913.1104
336465.8478,7841772.3830,912.6064
336465.8478,7841766.3830,912.1864
336471.8478,7841820.3830,915.8807
336471.8478,7841814.3830,915.4607
336471.8478,7841807.1830,914.9567
336471.8478,7841800.2830,914.4737
336471.8478,7841793.3830,913.9907
336471.8478,7841786.4830,913.5077
336471.8478,7841779.5830,913.0247
336471.8478,7841772.3830,912.5207
336471.8478,7841766.3830,912.1007
336477.8478,7841820.3830,915.7949
336477.8478,7841814.3830,915.3749
336477.8478,7841807.1830,914.8709
336477.8478,7841800.2830,914.3879
336477.8478,7841794.3830,913.9749
336477.8478,7841792.3830,913.8349
336477.8478,7841786.4830,913.4219
336477.8478,7841779.5830,912.9389
336477.8478,7841772.3830,912.4349
336477.8478,7841766.3830,912.0149
336483.8478,7841820.3830,915.7091
336483.8478,7841814.3830,915.2891
336483.8478,7841807.1830,914.7851
336483.8478,7841800.2830,914.3021
336483.8478,7841793.3830,913.8191
336483.8478,7841786.4830,913.3361
336483.8478,7841779.5830,912.8531
336483.8478,7841772.3830,912.3491
336483.8478,7841766.3830,911.9291
336561.8478,7841820.3830,913.0181
336561.8478,7841814.3830,912.5681
336561.8478,7841807.1830,912.0281
336561.8478,7841800.2830,911.5106
336561.8478,7841794.3830,911.0681
336561.8478,7841792.3830,910.9181
336561.8478,7841786.4830,910.4756
336561.8478,7841779.5830,909.9581
336561.8478,7841772.3830,909.4181
336561.8478,7841766.3830,908.9681
336567.8478,7841820.3830,912.7781
336567.8478,7841814.3830,912.3281
336567.8478,7841807.1830,911.7881
336567.8478,7841800.2830,911.2706
336567.8478,7841793.3830,910.7531
336567.8478,7841786.4830,910.2356
336567.8478,7841779.5830,909.7181
336567.8478,7841772.3830,909.1781
336567.8478,7841766.3830,908.7281
336573.8478,7841820.3830,912.5381
336573.8478,7841814.3830,912.0881
336573.8478,7841807.1830,911.5481
336573.8478,7841800.2830,911.0306
336573.8478,7841794.3830,910.5881
336573.8478,7841792.3830,910.4381
336573.8478,7841786.4830,909.9956
336573.8478,7841779.5830,909.4781
336573.8478,7841772.3830,908.9381
336573.8478,7841766.3830,908.4881
336579.8478,7841820.3830,912.2981
336579.8478,7841814.3830,911.8481
336579.8478,7841807.1830,911.3081
336579.8478,7841800.2830,910.7906
336579.8478,7841793.3830,910.2731
336579.8478,7841786.4830,909.7556
336579.8478,7841779.5830,909.2381
336579.8478,7841772.3830,908.6981
336579.8478,7841766.3830,908.2481
336492.6463,7842076.1502,933.7396
336494.3118,7842076.1502,933.6563
336500.3118,7842076.1502,933.3563
336506.3118,7842076.1502,933.0563
336512.3118,7842076.1502,932.7563
336513.9773,7842076.1502,932.6730
336492.6463,7842015.0982,930.0764
336494.3118,7842015.0982,929.9932
336500.3118,7842015.0982,929.6932
336506.3118,7842015.0982,929.3932
336512.3118,7842015.0982,929.0932
336513.9773,7842015.0982,929.0099
336456.6463,7842014.3882,931.0759
336458.3118,7842014.3882,931.0259
336464.3118,7842014.3882,930.8459
336470.3118,7842014.3882,930.6659
336476.3118,7842014.3882,930.4859
336482.3118,7842014.3882,930.3059
336488.3118,7842014.3882,930.1259
336489.9773,7842014.3882,930.0760
336456.6463,7841953.3362,926.8023
336458.3118,7841953.3362,926.7523
336464.3118,7841953.3362,926.5723
336470.3118,7841953.3362,926.3923
336476.3118,7841953.3362,926.2123
336482.3118,7841953.3362,926.0323
336488.3118,7841953.3362,925.8523
336489.9773,7841953.3362,925.8023
336528.6463,7842014.3882,928.0968
336530.3118,7842014.3882,927.9969
336536.3118,7842014.3882,927.6369
336542.3118,7842014.3882,927.2769
336548.3118,7842014.3882,926.9169
336554.3118,7842014.3882,926.5569
336560.3118,7842014.3882,926.1969
336561.9773,7842014.3882,926.0970
336528.6447,7841953.3384,924.2842
336530.3118,7841953.3362,924.1825
336536.3118,7841953.3362,923.8225
336542.3118,7841953.3362,923.4625
336548.3118,7841953.3362,923.1025
336554.3118,7841953.3362,922.7425
336560.3118,7841953.3362,922.3825
336561.9710,7841953.3409,922.2833
336432.6463,7841952.6262,927.2641
336434.3118,7841952.6262,927.1800
336440.3127,7841952.6262,927.0000
336446.3118,7841952.6262,926.8200
336452.3118,7841952.6262,926.6400
336458.3118,7841952.6262,926.4600
336464.3118,7841952.6262,926.2800
336465.9773,7841952.6262,926.2301
336432.6463,7841891.5742,923.5669
336434.3118,7841891.5742,923.5169
336440.3118,7841891.5742,923.3369
336446.3118,7841891.5742,923.1569
336452.3118,7841891.5742,922.9769
336458.3118,7841891.5742,922.7969
336464.3118,7841891.5742,922.6169
336465.9773,7841891.5742,922.5669
336540.6463,7841952.6262,923.5974
336542.3118,7841952.6262,923.5141
336548.3118,7841952.6262,923.2141
336554.3118,7841952.6262,922.9141
336560.3118,7841952.6262,922.6141
336566.3118,7841952.6262,922.3141
336572.3118,7841952.6262,922.0141
336573.9773,7841952.6262,921.9308
336540.6463,7841891.5742,919.2969
336542.3118,7841891.5742,919.2136
336548.3118,7841891.5742,918.9136
336554.3118,7841891.5742,918.6136
336560.3118,7841891.5742,918.3136
336566.3118,7841891.5742,918.0136
336572.3118,7841891.5742,917.7136
336573.9773,7841891.5742,917.6304
336404.1823,7841885.6642,922.8132
336405.8479,7841885.6642,922.7965
336411.8479,7841885.6642,922.7365
336417.8479,7841885.6642,922.6765
336423.8479,7841885.6642,922.6165
336429.8479,7841885.6642,922.5565
336435.8479,7841885.6642,922.4965
336437.5133,7841885.6642,922.4799
336404.1823,7841824.6122,917.3185
336405.8479,7841824.6122,917.3018
336411.8708,7841824.6532,917.2453
336417.8479,7841824.6122,917.1818
336423.8479,7841824.6122,917.1218
336429.8479,7841824.6122,917.0618
336435.8479,7841824.6122,917.0018
336437.5133,7841824.6122,916.9852
336548.1823,7841885.6642,918.5742
336549.8479,7841885.6642,918.4909
336555.8479,7841885.6642,918.1909
336561.8479,7841885.6642,917.8909
336567.8479,7841885.6642,917.5909
336573.8479,7841885.6642,917.2909
336579.8479,7841885.6642,916.9909
336581.5133,7841885.6642,916.9076
336548.1823,7841824.5572,913.9786
336549.8479,7841824.5572,913.8953
336555.8479,7841824.5572,913.5953
336561.8479,7841824.5572,913.2953
336567.8479,7841824.5572,912.9953
336573.8479,7841824.5572,912.6953
336579.8479,7841824.5572,912.3953
336581.5133,7841824.5572,912.3121
336428.1823,7841823.9022,916.7512
336429.8479,7841823.9022,916.7274
336435.8479,7841823.9022,916.6416
336441.8479,7841823.9022,916.5559
336447.8479,7841823.9022,916.4701
336453.8479,7841823.9022,916.3843
336459.8479,7841823.9022,916.2985
336465.8479,7841823.9022,916.2128
336471.8479,7841823.9022,916.1270
336477.8479,7841823.9022,916.0412
336483.8479,7841823.9022,915.9555
336485.5133,7841823.9022,915.9316
336428.1823,7841762.8502,912.4776
336429.8479,7841762.8502,912.4538
336435.8479,7841762.8502,912.3680
336441.8479,7841762.8502,912.2822
336447.8479,7841762.8502,912.1965
336453.8479,7841762.8502,912.1107
336459.8479,7841762.8502,912.0249
336465.8479,7841762.8502,911.9391
336471.8479,7841762.8502,911.8534
336477.8479,7841762.8502,911.7676
336483.8479,7841762.8502,911.6818
336485.5133,7841762.8502,911.6580
336560.1823,7841823.9022,913.3486
336561.8479,7841823.9022,913.2820
336567.8479,7841823.9022,913.0420
336573.8479,7841823.9022,912.8020
336579.8479,7841823.9022,912.5620
336581.5133,7841823.9022,912.4954
336560.1823,7841762.8502,908.7697
336561.8479,7841762.8502,908.7031
336567.8479,7841762.8502,908.4631
336573.8479,7841762.8502,908.2231
336579.8479,7841762.8502,907.9831
336581.5133,7841762.8502,907.9165
336518.3118,7842075.6052,932.0099
336518.3118,7842072.6310,931.9019
336518.3118,7842066.6310,931.6460
336518.3118,7842059.4310,931.3228
336518.3118,7842052.5310,930.9759
336518.3118,7842046.6310,930.6851
336518.3118,7842044.6310,930.5761
336518.3118,7842038.7310,930.2696
336518.3118,7842031.8310,929.9103
336518.3118,7842024.6310,929.4748
336518.3118,7842018.6310,929.0495
336518.3118,7842015.6432,928.8313
336524.3118,7842075.6052,931.5756
336524.3118,7842072.6310,931.4513
336524.3118,7842066.6310,931.1966
336524.3118,7842059.4310,930.8840
336524.3118,7842052.5310,930.5492
336524.3118,7842045.6310,930.2120
336524.3118,7842038.7310,929.8685
336524.3118,7842031.8310,929.5526
336524.3118,7842024.6310,929.1428
336524.3118,7842018.6310,928.7019
336524.3118,7842015.6432,928.4812
336494.3118,7842013.8432,929.8082
336494.3118,7842010.8690,929.5761
336494.3118,7842004.8690,929.1610
336494.3118,7841997.6690,928.6694
336494.3118,7841990.7690,928.2074
336494.3118,7841984.8690,927.8139
336494.3118,7841982.8690,927.6773
336494.3118,7841976.9690,927.2733
336494.3118,7841970.0690,926.8084
336494.3118,7841962.8690,926.3120
336494.3118,7841956.8690,925.9013
336494.3118,7841953.8812,925.7025
336500.3118,7842013.8432,929.5477
336500.3118,7842010.8690,929.3460
336500.3118,7842004.8690,928.9450
336500.3118,7841997.6690,928.4691
336500.3118,7841990.7690,928.0065
336500.3118,7841983.8690,927.5292
336500.3118,7841976.9690,927.0525
336500.3118,7841970.0690,926.5770
336500.3118,7841962.8690,926.0783
336500.3118,7841956.8690,925.6744
336500.3118,7841953.8812,925.4743
336506.3118,7842013.8432,929.2943
336506.3118,7842010.8690,929.0966
336506.3118,7842004.8690,928.6783
336506.3118,7841997.6690,928.1874
336506.3118,7841990.7690,927.7384
336506.3118,7841984.8690,927.3479
336506.3118,7841982.8690,927.2089
336506.3118,7841976.9690,926.8001
336506.3118,7841970.0690,926.3225
336506.3118,7841962.8690,925.8354
336506.3118,7841956.8690,925.4445
336506.3118,7841953.8657,925.2499
336512.3118,7842013.8432,929.0155
336512.3118,7842010.8690,928.8026
336512.3118,7842004.8690,928.3823
336512.3118,7841997.6690,927.8737
336512.3118,7841990.7690,927.4160
336512.3118,7841983.8690,926.9704
336512.3118,7841976.9690,926.5255
336512.3118,7841970.0690,926.0528
336512.3118,7841962.8690,925.5761
336512.3118,7841956.8690,925.2384
336512.3118,7841953.8862,925.0556
336518.3118,7842013.8432,928.6994
336518.3118,7842010.8690,928.4813
336518.3118,7842004.8690,928.0418
336518.3118,7841997.6690,927.5401
336518.3118,7841990.7690,927.0907
336518.3118,7841984.8690,926.7240
336518.3118,7841982.8690,926.6014
336518.3118,7841976.9690,926.2152
336518.3118,7841970.0690,925.7745
336518.3118,7841962.8690,925.3460
336518.3118,7841956.8690,925.0382
336518.3118,7841953.8812,924.8289
336524.3118,7842013.8432,928.3500
336524.3118,7842010.8690,928.1332
336524.3118,7842004.8690,927.6985
336524.3118,7841997.6690,927.2025
336524.3118,7841990.7690,926.7625
336524.3118,7841983.8690,926.3399
336524.3118,7841976.9690,925.9099
336524.3118,7841970.0690,925.4779
336524.3118,7841962.8690,925.1388
336524.3118,7841956.8690,924.7877
336524.3118,7841953.8812,924.5736
336470.3118,7841952.0812,926.4076
336470.3118,7841949.1070,926.2091
336470.3118,7841943.1070,925.8048
336470.3118,7841935.9070,925.2898
336470.3118,7841929.0070,924.7403
336470.3118,7841923.1070,924.2850
336470.3118,7841921.1070,924.1307
336470.3118,7841915.2070,923.6704
336470.3118,7841908.3070,923.1217
336470.3118,7841901.1070,922.5583
336470.3118,7841895.1070,922.0887
336470.3118,7841892.1242,921.8639
336476.3118,7841952.0812,926.2117
336476.3118,7841949.1070,926.0082
336476.3118,7841943.1070,925.6030
336476.3118,7841935.9070,925.0686
336476.3118,7841929.0070,924.5557
336476.3118,7841922.1070,924.0172
336476.3118,7841915.2070,923.4910
336476.3118,7841908.3070,922.9583
336476.3118,7841901.1070,922.4008
336476.3118,7841895.1070,921.9357
336476.3118,7841892.1192,921.7102
336482.3118,7841952.0812,926.0071
336482.3118,7841949.1070,925.8047
336482.3118,7841943.1070,925.3859
336482.3118,7841935.9070,924.8485
336482.3118,7841929.0070,924.3324
336482.3118,7841923.1070,923.8850
336482.3118,7841921.1070,923.7372
336482.3118,7841915.2070,923.2939
336482.3118,7841908.3070,922.7614
336482.3118,7841901.1070,922.2056
336482.3118,7841895.1070,921.7549
336482.3118,7841892.1192,921.5326
336488.3118,7841952.0812,925.7952
336488.3118,7841949.1070,925.5935
336488.3118,7841943.1070,925.1606
336488.3118,7841935.9070,924.6213
336488.3118,7841929.0070,924.1064
336488.3118,7841922.1070,923.5927
336488.3118,7841915.2070,923.0739
336488.3118,7841908.3070,922.5550
336488.3118,7841901.1070,922.0089
336488.3118,7841895.1070,921.5575
336488.3118,7841892.1192,921.3375
336494.3118,7841952.0812,925.5828
336494.3118,7841949.1070,925.3729
336494.3118,7841943.1070,924.9353
336494.3118,7841935.9070,924.3935
336494.3118,7841929.0070,923.8763
336494.3118,7841923.1070,923.4373
336494.3118,7841921.1070,923.2890
336494.3118,7841915.2070,922.8513
336494.3118,7841908.3070,922.3325
336494.3118,7841901.1070,921.7950
336494.3118,7841895.1070,921.3515
336494.3118,7841892.1192,921.1317
336500.3118,7841952.0812,925.3576
336500.3118,7841949.1070,925.1538
336500.3118,7841943.1070,924.7073
336500.3118,7841935.9070,924.1645
336500.3118,7841929.0070,923.6472
336500.3118,7841922.1070,923.1318
336500.3118,7841915.2070,922.6200
336500.3118,7841908.3070,922.1091
336500.3118,7841901.1070,921.5722
336500.3118,7841895.1070,921.1286
336500.3118,7841892.1192,920.9079
336506.3118,7841952.0812,925.1344
336506.3118,7841949.1070,924.9323
336506.3118,7841943.1070,924.4770
336506.3118,7841935.9070,923.9340
336506.3118,7841929.0070,923.4168
336506.3118,7841923.1070,922.9754
336506.3118,7841921.1070,922.8264
336506.3118,7841915.2070,922.3878
336506.3118,7841908.3070,921.8771
336506.3118,7841901.1070,921.3463
336506.3118,7841895.1070,920.9027
336506.3118,7841892.1192,920.6816
336512.3118,7841952.0812,924.9282
336512.3118,7841949.1070,924.7020
336512.3118,7841943.1070,924.2453
336512.3118,7841935.9070,923.7021
336512.3118,7841929.0070,923.1846
336512.3118,7841922.1070,922.6691
336512.3118,7841915.2070,922.1556
336512.3118,7841908.3070,921.6439
336512.3118,7841901.1070,921.1130
336512.3118,7841895.1070,920.6719
336512.3118,7841892.1192,920.4523
336518.3118,7841952.0812,924.6915
336518.3118,7841949.1070,924.4640
336518.3118,7841943.1070,924.0061
336518.3118,7841935.9070,923.4656
336518.3118,7841929.0070,922.9489
336518.3118,7841923.1070,922.5085
336518.3118,7841921.1070,922.3603
336518.3118,7841915.2070,921.9220
336518.3118,7841908.3070,921.4100
336518.3118,7841901.1070,920.8787
336518.3118,7841895.1070,920.4370
336518.3118,7841892.1192,920.2180
336524.3118,7841952.0812,924.4364
336524.3118,7841949.1070,924.2115
336524.3118,7841943.1070,923.7615
336524.3118,7841935.9070,923.2207
336524.3118,7841929.0070,922.7079
336524.3118,7841922.1070,922.1959
336524.3118,7841915.2070,921.6855
336524.3118,7841908.3070,921.1753
336524.3118,7841901.1070,920.6433
336524.3118,7841895.1070,920.2016
336524.3118,7841892.1192,919.9820
336530.3118,7841952.0812,924.1385
336530.3118,7841949.1070,923.9297
336530.3118,7841943.1070,923.4902
336530.3118,7841935.9070,922.9618
336530.3118,7841929.0070,922.4526
336530.3118,7841923.1070,922.0195
336530.3118,7841921.1070,921.8746
336530.3118,7841915.2070,921.4422
336530.3118,7841908.3070,920.9372
336530.3118,7841901.1070,920.4075
336530.3118,7841895.1070,919.9653
336530.3118,7841892.1192,919.7456
336536.3118,7841952.0812,923.8112
336536.3118,7841949.1070,923.6158
336536.3118,7841943.1070,923.1956
336536.3118,7841935.9070,922.6798
336536.3118,7841929.0070,922.1819
336536.3118,7841922.1070,921.6830
336536.3118,7841915.2070,921.1859
336536.3118,7841908.3070,920.6881
336536.3118,7841901.1070,920.1682
336536.3118,7841895.1070,919.7286
336536.3118,7841892.1192,919.5085
336441.8479,7841885.1192,921.9007
336441.8478,7841882.1450,921.6768
336441.8478,7841876.1450,921.2118
336441.8478,7841868.9450,920.6477
336441.8478,7841862.0450,920.1058
336441.8478,7841856.1450,919.6233
336441.8478,7841854.1450,919.4550
336441.8478,7841848.2450,918.9502
336441.8479,7841841.3450,918.3451
336441.8478,7841834.1450,917.7100
336441.8478,7841828.1450,917.1854
336441.8478,7841825.1572,916.9239
336447.8479,7841885.1192,921.7923
336447.8478,7841882.1450,921.5654
336447.8478,7841876.1450,921.1045
336447.8478,7841868.9450,920.5523
336447.8478,7841862.0450,920.0148
336447.8478,7841855.1450,919.4610
336447.8478,7841848.2450,918.8763
336447.8479,7841841.3450,918.2731
336447.8478,7841834.1450,917.6373
336447.8478,7841828.1450,917.1079
336447.8478,7841825.1572,916.8450
336453.8479,7841885.1192,921.6862
336453.8478,7841882.1450,921.4600
336453.8478,7841876.1450,921.0032
336453.8478,7841868.9450,920.4546
336453.8478,7841862.0450,919.9226
336453.8478,7841856.1450,919.4541
336453.8478,7841854.1450,919.2892
336453.8478,7841848.2450,918.8010
336453.8479,7841841.3450,918.2021
336453.8478,7841834.1450,917.5648
336453.8478,7841828.1450,917.0329
336453.8478,7841825.1572,916.7686
336459.8479,7841885.1192,921.5727
336459.8478,7841882.1450,921.3505
336459.8478,7841876.1450,920.8996
336459.8478,7841868.9450,920.3533
336459.8478,7841862.0450,919.8260
336459.8478,7841855.1450,919.2868
336459.8478,7841848.2450,918.7221
336459.8479,7841841.3450,918.1307
336459.8478,7841834.1450,917.4936
336459.8478,7841828.1450,916.9616
336459.8478,7841825.1572,916.6973
336465.8479,7841885.1192,921.4488
336465.8478,7841882.1450,921.2264
336465.8478,7841876.1450,920.7801
336465.8478,7841868.9450,920.2491
336465.8478,7841862.0450,919.7246
336465.8478,7841856.1450,919.2724
336465.8478,7841854.1450,919.1179
336465.8478,7841848.2450,918.6481
336465.8479,7841841.3450,918.0599
336465.8478,7841834.1450,917.4239
336465.8478,7841828.1450,916.8947
336465.8478,7841825.1572,916.6321
336471.8479,7841885.1192,921.3070
336471.8478,7841882.1450,921.0899
336471.8478,7841876.1450,920.6493
336471.8478,7841868.9450,920.1177
336471.8478,7841862.0450,919.6174
336471.8478,7841855.1450,919.0953
336471.8478,7841848.2450,918.5557
336471.8479,7841841.3450,917.9889
336471.8478,7841834.1450,917.3549
336471.8478,7841828.1450,916.8279
336471.8478,7841825.1572,916.5662
336477.8479,7841885.1192,921.1463
336477.8478,7841882.1450,920.9261
336477.8478,7841876.1450,920.4854
336477.8478,7841868.9450,919.9673
336477.8478,7841862.0450,919.4709
336477.8478,7841856.1450,919.0479
336477.8478,7841854.1450,918.9072
336477.8478,7841848.2450,918.4670
336477.8479,7841841.3450,917.9109
336477.8478,7841834.1450,917.2798
336477.8478,7841828.1450,916.7491
336477.8478,7841825.1572,916.4836
336483.8479,7841885.1192,920.9688
336483.8478,7841882.1450,920.7530
336483.8478,7841876.1450,920.3124
336483.8478,7841868.9450,919.7896
336483.8478,7841862.0450,919.2871
336483.8478,7841855.1450,918.8108
336483.8478,7841848.2450,918.3386
336483.8479,7841841.3450,917.8321
336483.8478,7841834.1450,917.1868
336483.8478,7841828.1450,916.6422
336483.8478,7841825.1572,916.3674
336489.8479,7841885.1192,920.7686
336489.8478,7841882.1450,920.5480
336489.8478,7841876.1450,920.1132
336489.8478,7841868.9450,919.5922
336489.8478,7841862.0450,919.0919
336489.8478,7841856.1450,918.6864
336489.8478,7841854.1450,918.5474
336489.8478,7841848.2450,918.1363
336489.8479,7841841.3450,917.6283
336489.8478,7841834.1450,917.0291
336489.8478,7841828.1450,916.4879
336489.8478,7841825.1572,916.2177
336495.8479,7841885.1192,920.5570
336495.8478,7841882.1450,920.3394
336495.8478,7841876.1450,919.8961
336495.8478,7841868.9450,919.3729
336495.8478,7841862.0450,918.8826
336495.8478,7841855.1450,918.4014
336495.8478,7841848.2450,917.9208
336495.8479,7841841.3450,917.4108
336495.8478,7841834.1450,916.8143
336495.8478,7841828.1450,916.3045
336495.8478,7841825.1572,916.0363
336501.8479,7841885.1192,920.3365
336501.8478,7841882.1450,920.1193
336501.8478,7841876.1450,919.6789
336501.8478,7841868.9450,919.1512
336501.8478,7841862.0450,918.6656
336501.8478,7841856.1450,918.2529
336501.8478,7841854.1450,918.1145
336501.8478,7841848.2450,917.7097
336501.8479,7841841.3450,917.1835
336501.8478,7841834.1450,916.5941
336501.8478,7841828.1450,916.0864
336501.8478,7841825.1572,915.8360
336507.8479,7841885.1192,920.1082
336507.8478,7841882.1450,919.8902
336507.8478,7841876.1450,919.4518
336507.8478,7841868.9450,918.9300
336507.8478,7841862.0450,918.4415
336507.8478,7841855.1450,917.9753
336507.8478,7841848.2450,917.5122
336507.8479,7841841.3450,916.9544
336507.8478,7841834.1450,916.3645
336507.8478,7841828.1450,915.8711
336507.8478,7841825.1572,915.6202
336513.8479,7841885.1192,919.8781
336513.8478,7841882.1450,919.6594
336513.8478,7841876.1450,919.2211
336513.8478,7841868.9450,918.7037
336513.8478,7841862.0450,918.2310
336513.8478,7841856.1450,917.8422
336513.8478,7841854.1450,917.7105
336513.8478,7841848.2450,917.2849
336513.8479,7841841.3450,916.7247
336513.8478,7841834.1450,916.1346
336513.8478,7841828.1450,915.6451
336513.8478,7841825.1572,915.4014
336519.8479,7841885.1192,919.6445
336519.8478,7841882.1450,919.4266
336519.8478,7841876.1450,918.9871
336519.8478,7841868.9450,918.4798
336519.8478,7841862.0450,918.0301
336519.8478,7841855.1450,917.5835
336519.8478,7841848.2450,917.0602
336519.8479,7841841.3450,916.4939
336519.8478,7841834.1450,915.9044
336519.8478,7841828.1450,915.4149
336519.8478,7841825.1572,915.1723
336525.8479,7841885.1192,919.4083
336525.8478,7841882.1450,919.1908
336525.8478,7841876.1450,918.7642
336525.8478,7841868.9450,918.2792
336525.8478,7841862.0450,917.8354
336525.8478,7841856.1450,917.4490
336525.8478,7841854.1450,917.2984
336525.8478,7841848.2450,916.8335
336525.8479,7841841.3450,916.2636
336525.8478,7841834.1450,915.6736
336525.8478,7841828.1450,915.1841
336525.8478,7841825.1572,914.9412
336531.8479,7841885.1192,919.1716
336531.8478,7841882.1450,918.9561
336531.8478,7841876.1450,918.5439
336531.8478,7841868.9450,918.0855
336531.8478,7841862.0450,917.6446
336531.8478,7841855.1450,917.1548
336531.8478,7841848.2450,916.6038
336531.8479,7841841.3450,916.0340
336531.8478,7841834.1450,915.4418
336531.8478,7841828.1450,914.9524
336531.8478,7841825.1572,914.7097
336537.8479,7841885.1192,918.9403
336537.8478,7841882.1450,918.7408
336537.8478,7841876.1450,918.3488
336537.8478,7841868.9450,917.8952
336537.8478,7841862.0450,917.4542
336537.8478,7841856.1450,917.0296
336537.8478,7841854.1450,916.8680
336537.8478,7841848.2450,916.3784
336537.8479,7841841.3450,915.8040
336537.8478,7841834.1450,915.2106
336537.8478,7841828.1450,914.7205
336537.8478,7841825.1572,914.4773
336543.8479,7841885.1192,918.7379
336543.8478,7841882.1450,918.5405
336543.8478,7841876.1450,918.1621
336543.8478,7841868.9450,917.7108
336543.8478,7841862.0450,917.2584
336543.8478,7841855.1450,916.7282
336543.8478,7841848.2450,916.1527
336543.8479,7841841.3450,915.5778
336543.8478,7841834.1450,914.9830
336543.8478,7841828.1450,914.4870
336543.8478,7841825.1572,914.2448
336357.8479,7841823.3572,918.6530
336357.8478,7841820.3830,918.4039
336357.8478,7841814.3830,917.9545
336357.8478,7841807.1830,917.4556
336357.8478,7841800.2830,917.0001
336357.8478,7841794.3830,916.6034
336357.8478,7841792.3830,916.4686
336357.8478,7841786.4830,916.0671
336357.8479,7841779.5830,915.5977
336357.8478,7841772.3830,915.1056
336357.8478,7841766.3830,914.6958
336357.8478,7841763.3952,914.4902
336363.8479,7841823.3572,918.4219
336363.8478,7841820.3830,918.1841
336363.8478,7841814.3830,917.7524
336363.8478,7841807.1830,917.2753
336363.8478,7841800.2830,916.8209
336363.8478,7841793.3830,916.3593
336363.8478,7841786.4830,915.8938
336363.8479,7841779.5830,915.4241
336363.8478,7841772.3830,914.9288
336363.8478,7841766.3830,914.5142
336363.8478,7841763.3952,914.3077
336369.8479,7841823.3572,918.2031
336369.8478,7841820.3830,917.9704
336369.8478,7841814.3830,917.5787
336369.8478,7841807.1830,917.1064
336369.8478,7841800.2830,916.6473
336369.8478,7841794.3830,916.2517
336369.8478,7841792.3830,916.1168
336369.8478,7841786.4830,915.7218
336369.8479,7841779.5830,915.2529
336369.8478,7841772.3830,914.7575
336369.8478,7841766.3830,914.3435
336369.8478,7841763.3952,914.1386
336375.8479,7841823.3572,918.0530
336375.8478,7841820.3830,917.8264
336375.8478,7841814.3830,917.4279
336375.8478,7841807.1830,916.9430
336375.8478,7841800.2830,916.4860
336375.8478,7841793.3830,916.0238
336375.8478,7841786.4830,915.5586
336375.8479,7841779.5830,915.0895
336375.8478,7841772.3830,914.5962
336375.8478,7841766.3830,914.1848
336375.8478,7841763.3952,913.9803
336381.8479,7841823.3572,917.9245
336381.8478,7841820.3830,917.7024
336381.8478,7841814.3830,917.2747
336381.8478,7841807.1830,916.7889
336381.8478,7841800.2830,916.3251
336381.8478,7841794.3830,915.9314
336381.8478,7841792.3830,915.7970
336381.8478,7841786.4830,915.4013
336381.8479,7841779.5830,914.9311
336381.8478,7841772.3830,914.4374
336381.8478,7841766.3830,914.0303
336381.8478,7841763.3952,913.8279
336387.8479,7841823.3572,917.8018
336387.8478,7841820.3830,917.5688
336387.8478,7841814.3830,917.1347
336387.8478,7841807.1830,916.6388
336387.8478,7841800.2830,916.1733
336387.8478,7841793.3830,915.7081
336387.8478,7841786.4830,915.2430
336387.8479,7841779.5830,914.7743
336387.8478,7841772.3830,914.2859
336387.8478,7841766.3830,913.8801
336387.8478,7841763.3952,913.6794
336393.8479,7841823.3572,917.6796
336393.8478,7841820.3830,917.4432
336393.8478,7841814.3830,916.9946
336393.8478,7841807.1830,916.4882
336393.8478,7841800.2830,916.0225
336393.8478,7841794.3830,915.6248
336393.8478,7841792.3830,915.4899
336393.8478,7841786.4830,915.0905
336393.8479,7841779.5830,914.6226
336393.8478,7841772.3830,914.1360
336393.8478,7841766.3830,913.7331
336393.8478,7841763.3952,913.5331
336399.8479,7841823.3572,917.5527
336399.8478,7841820.3830,917.3189
336399.8478,7841814.3830,916.8539
336399.8478,7841807.1830,916.3456
336399.8478,7841800.2830,915.8718
336399.8478,7841793.3830,915.4060
336399.8478,7841786.4830,914.9389
336399.8479,7841779.5830,914.4726
336399.8478,7841772.3830,913.9887
336399.8478,7841766.3830,913.5877
336399.8478,7841763.3952,913.3882
336405.8479,7841823.3572,917.4309
336405.8478,7841820.3830,917.1880
336405.8478,7841814.3830,916.7242
336405.8478,7841807.1830,916.2008
336405.8478,7841800.2830,915.7230
336405.8478,7841794.3830,915.3222
336405.8478,7841792.3830,915.1869
336405.8478,7841786.4830,914.7892
336405.8479,7841779.5830,914.3250
336405.8478,7841772.3830,913.8434
336405.8478,7841766.3830,913.4434
336405.8478,7841763.3952,913.2448
336411.8479,7841823.3572,917.3084
336411.8478,7841820.3830,917.0644
336411.8478,7841814.3830,916.5859
336411.8478,7841807.1830,916.0523
336411.8478,7841800.2830,915.5748
336411.8478,7841793.3830,915.1057
336411.8478,7841786.4830,914.6411
336411.8479,7841779.5830,914.1792
336411.8478,7841772.3830,913.6993
336411.8478,7841766.3830,913.3005
336411.8478,7841763.3952,913.1020
336417.8479,7841823.3572,917.1867
336417.8478,7841820.3830,916.9391
336417.8478,7841814.3830,916.4521
336417.8478,7841807.1830,915.9091
336417.8478,7841800.2830,915.4251
336417.8478,7841794.3830,915.0245
336417.8478,7841792.3830,914.8901
336417.8478,7841786.4830,914.4948
336417.8479,7841779.5830,914.0349
336417.8478,7841772.3830,913.5563
336417.8478,7841766.3830,913.1585
336417.8478,7841763.3952,912.9607
336423.8479,7841823.3572,917.0694
336423.8478,7841820.3830,916.8208
336423.8478,7841814.3830,916.3256
336423.8478,7841807.1830,915.7654
336423.8478,7841800.2830,915.2766
336423.8478,7841793.3830,914.8115
336423.8478,7841786.4830,914.3506
336423.8479,7841779.5830,913.8923
336423.8478,7841772.3830,913.4157
336423.8478,7841766.3830,913.0186
336423.8478,7841763.3952,912.8204
336489.8479,7841823.3572,916.0551
336489.8478,7841820.3830,915.8004
336489.8478,7841814.3830,915.2890
336489.8478,7841807.1830,914.6891
336489.8478,7841800.2830,914.1305
336489.8478,7841794.3830,913.6639
336489.8478,7841792.3830,913.5032
336489.8478,7841786.4830,913.0387
336489.8479,7841779.5830,912.4773
336489.8478,7841772.3830,911.9499
336489.8478,7841766.3830,911.5317
336489.8478,7841763.3952,911.3049
336495.8479,7841823.3572,915.8819
336495.8478,7841820.3830,915.6235
336495.8478,7841814.3830,915.1240
336495.8478,7841807.1830,914.5328
336495.8478,7841800.2830,913.9653
336495.8478,7841793.3830,913.4283
336495.8478,7841786.4830,912.9036
336495.8479,7841779.5830,912.3789
336495.8478,7841772.3830,911.8032
336495.8478,7841766.3830,911.3584
336495.8478,7841763.3952,911.1313
336501.8479,7841823.3572,915.6863
336501.8478,7841820.3830,915.4380
336501.8478,7841814.3830,914.9321
336501.8478,7841807.1830,914.3421
336501.8478,7841800.2830,913.7912
336501.8478,7841794.3830,913.3348
336501.8478,7841792.3830,913.1815
336501.8478,7841786.4830,912.7266
336501.8479,7841779.5830,912.1950
336501.8478,7841772.3830,911.6428
336501.8478,7841766.3830,911.1743
336501.8478,7841763.3952,910.9408
336507.8479,7841823.3572,915.4698
336507.8478,7841820.3830,915.2260
336507.8478,7841814.3830,914.7338
336507.8478,7841807.1830,914.1396
336507.8478,7841800.2830,913.5896
336507.8478,7841793.3830,913.0594
336507.8478,7841786.4830,912.5191
336507.8479,7841779.5830,911.9834
336507.8478,7841772.3830,911.4318
336507.8478,7841766.3830,910.9745
336507.8478,7841763.3952,910.7430
336513.8479,7841823.3572,915.2520
336513.8478,7841820.3830,915.0050
336513.8478,7841814.3830,914.5142
336513.8478,7841807.1830,913.9325
336513.8478,7841800.2830,913.3874
336513.8478,7841794.3830,912.9245
336513.8478,7841792.3830,912.7670
336513.8478,7841786.4830,912.3068
336513.8479,7841779.5830,911.7718
336513.8478,7841772.3830,911.2215
336513.8478,7841766.3830,910.7649
336513.8478,7841763.3952,910.5369
336519.8479,7841823.3572,915.0259
336519.8478,7841820.3830,914.7835
336519.8478,7841814.3830,914.2932
336519.8478,7841807.1830,913.7118
336519.8478,7841800.2830,913.1687
336519.8478,7841793.3830,912.6249
336519.8478,7841786.4830,912.0883
336519.8479,7841779.5830,911.5588
336519.8478,7841772.3830,911.0101
336519.8478,7841766.3830,910.5524
336519.8478,7841763.3952,910.3258
336525.8479,7841823.3572,914.7955
336525.8478,7841820.3830,914.5544
336525.8478,7841814.3830,914.0662
336525.8478,7841807.1830,913.4904
336525.8478,7841800.2830,912.9453
336525.8478,7841794.3830,912.4827
336525.8478,7841792.3830,912.3287
336525.8478,7841786.4830,911.8741
336525.8479,7841779.5830,911.3458
336525.8478,7841772.3830,910.7961
336525.8478,7841766.3830,910.3388
336525.8478,7841763.3952,910.1099
336531.8479,7841823.3572,914.5636
336531.8478,7841820.3830,914.3230
336531.8478,7841814.3830,913.8392
336531.8478,7841807.1830,913.2659
336531.8478,7841800.2830,912.7239
336531.8478,7841793.3830,912.1892
336531.8478,7841786.4830,911.6577
336531.8479,7841779.5830,911.1275
336531.8478,7841772.3830,910.5754
336531.8478,7841766.3830,910.1140
336531.8478,7841763.3952,909.8821
336537.8479,7841823.3572,914.3314
336537.8478,7841820.3830,914.0905
336537.8478,7841814.3830,913.6088
336537.8478,7841807.1830,913.0398
336537.8478,7841800.2830,912.5056
336537.8478,7841794.3830,912.0490
336537.8478,7841792.3830,911.8948
336537.8478,7841786.4830,911.4382
336537.8479,7841779.5830,910.9052
336537.8478,7841772.3830,910.3484
336537.8478,7841766.3830,909.8823
336537.8478,7841763.3952,909.6465
336543.8479,7841823.3572,914.0989
336543.8478,7841820.3830,913.8591
336543.8478,7841814.3830,913.3814
336543.8478,7841807.1830,912.8210
336543.8478,7841800.2830,912.2858
336543.8478,7841793.3830,911.7480
336543.8478,7841786.4830,911.2117
336543.8479,7841779.5830,910.6762
336543.8478,7841772.3830,910.1172
336543.8478,7841766.3830,909.6452
336543.8478,7841763.3952,909.4062
336549.8479,7841823.3522,913.8675
336549.8478,7841820.3830,913.6281
336549.8478,7841814.3830,913.1581
336549.8478,7841807.1830,912.5933
336549.8478,7841800.2830,912.0573
336549.8478,7841794.3830,911.5964
336549.8478,7841792.3830,911.4398
336549.8478,7841786.4830,910.9792
336549.8479,7841779.5830,910.4410
336549.8478,7841772.3830,909.8811
336549.8478,7841766.3830,909.4043
336549.8478,7841763.3952,909.1518
336555.8479,7841823.3522,913.6253
336555.8478,7841820.3830,913.3892
336555.8478,7841814.3830,912.9180
336555.8478,7841807.1830,912.3630
336555.8478,7841800.2830,911.8218
336555.8478,7841793.3830,911.2809
336555.8478,7841786.4830,910.7405
336555.8479,7841779.5830,910.2040
336555.8478,7841772.3830,909.6458
336555.8478,7841766.3830,909.1524
336555.8478,7841763.3952,908.8988
336381.8479,7841885.1192,923.1907
336381.8478,7841882.1450,922.9432
336381.8478,7841876.1450,922.4226
336381.8478,7841868.9450,921.8347
336381.8478,7841862.0450,921.2888
336381.8478,7841856.1450,920.8258
336381.8478,7841854.1450,920.6675
336381.8478,7841848.2450,920.1525
336381.8479,7841841.3450,919.5186
336381.8478,7841834.1450,918.8486
336381.8478,7841828.1450,918.3170
336381.8478,7841825.1572,918.0665
336387.8479,7841885.1192,923.0158
336387.8478,7841882.1450,922.7644
336387.8478,7841876.1450,922.2735
336387.8478,7841868.9450,921.7038
336387.8478,7841862.0450,921.1635
336387.8478,7841855.1450,920.6215
336387.8478,7841848.2450,920.0087
336387.8479,7841841.3450,919.3687
336387.8478,7841834.1450,918.7059
336387.8478,7841828.1450,918.1902
336387.8478,7841825.1572,917.9446
336393.8479,7841885.1192,922.8473
336393.8478,7841882.1450,922.6076
336393.8478,7841876.1450,922.1342
336393.8478,7841868.9450,921.5704
336393.8478,7841862.0450,921.0371
336393.8478,7841856.1450,920.5786
336393.8478,7841854.1450,920.4077
336393.8478,7841848.2450,919.8624
336393.8479,7841841.3450,919.2176
336393.8478,7841834.1450,918.5689
336393.8478,7841828.1450,918.0667
336393.8478,7841825.1572,917.8236
336399.8479,7841885.1192,922.7042
336399.8478,7841882.1450,922.4630
336399.8478,7841876.1450,921.9841
336399.8478,7841868.9450,921.4366
336399.8478,7841862.0450,920.9116
336399.8478,7841855.1450,920.3539
336399.8478,7841848.2450,919.7125
336399.8479,7841841.3450,919.0677
336399.8478,7841834.1450,918.4439
336399.8478,7841828.1450,917.9462
336399.8478,7841825.1572,917.7006
